1000
929590497
701388649
457440989
467361969
753706513
853127013
322114593
670714473
135908221
493606385
969405265
742619025
244414423
102643537
567843025
118272733
651580735
661998213
164650977
350301201
813530577
186267057
80879539
417367713
793200705
410103265
557412183
898095601
438165553
54798181
893277157
66190171
9799545
746447285
793445101
162720705
858823662
108179729
871210469
231178817
591167169
686464545
34870059
878946021
64001521
414581541
720430017
249249273
914041649
705028124
449857743
92441196
903857961
239606101
670248961
514828745
687529317
776873388
148940577
928621433
676216129
508603060
895229623
864095841
463795423
126711004
205993208
452725537
911143713
871578959
250363665
887612276
932175941
304427713
781019457
694491713
183713857
367258593
529924353
640348153
720634775
369594935
981350545
985233097
936693433
997948462
34838081
399883493
311706625
111283017
862043261
408219533
322138083
67710465
267431093
362226345
561627089
131942385
706872961
651106815
865702332
169210081
882978696
984555789
659797297
908931969
22161930
3140912
464158579
29393753
700976845
951587833
87704795
127362113
138510625
758163941
862909393
488144744
81611939
764054370
89980625
504352825
110800562
378179819
61694705
259142185
712902558
117251016
974445929
281994327
772870393
988092045
788742121
189690174
291880133
918821705
305140167
495511985
19285133
446051649
934699409
663546879
503621121
120254465
402968689
591457747
516975425
560700005
706582901
1844225
305094997
209661133
80130689
922335757
790831359
457740053
95938251
61440517
466393281
80961505
270891481
396894669
46847119
23686997
962191393
919612105
130098785
894149591
492348045
387613545
514169613
958686333
878853384
901549761
593151233
405123019
607498369
264705665
675465077
379486473
440760225
208482101
965993761
586288129
79090731
653969881
936824057
296798573
663487700
709105501
133426359
741870097
116934161
286791689
353822173
482688448
786492129
696671393
340502209
71009929
630759631
636808609
582835553
413104891
43796161
254082097
74251249
54381823
141738481
114651509
369320740
130292743
292047269
248068387
291840293
24337205
868628241
275344773
730687717
545952337
365871233
285588717
221035263
103082505
653490445
245987393
651205394
114184905
844483251
688388217
373896123
543373695
245170773
310927969
205100884
595036565
762329851
32564673
109165580
841880811
86678485
564604511
376473049
380945766
717666789
1252137
432187321
145798473
490340553
878221697
994255027
98280255
660355073
120343521
135720057
638705409
793720799
420475616
491321496
997866793
203865535
485903511
804368615
983468057
998027781
239405290
280857553
588382561
24906359
126500091
260925353
63818518
928989441
618198341
273242263
284225165
297960822
282613924
374229129
245664325
759326333
113392097
199035249
260950678
765887905
341206421
199756417
851743971
857933773
68329641
174841729
82932249
777097346
293073339
816059877
246018643
61493681
17185017
815966593
694128385
224472769
160073313
472207384
20918719
715264577
868900369
779564545
180511656
526756101
123775445
344810225
20144209
462938689
721724129
248802305
251518857
818920923
780645985
133979798
941544933
628773247
593641565
265526137
178287361
334902949
366158007
789357953
237303493
249449897
505360097
951957249
396950561
770858353
155259773
467435041
756374017
394542589
381207295
87148337
79546366
578362097
264256499
958651145
932969013
102174533
48141523
129724673
79980545
917361421
899588353
219204197
684270953
147013873
935869549
920250789
833310855
35983489
988373581
648530348
585536257
147364545
599842537
58921327
475824389
240952161
187899127
269132143
72855329
56245069
47078937
688190937
972356678
389979765
719967357
13479145
844826011
420981075
937623217
835962545
62210884
910188378
601753174
224794597
35488401
779002521
188175404
923972161
246705836
39888505
684784777
687099169
20595926
534585246
823991553
191036583
488541865
471192848
536399931
400738161
363012283
794980457
540056393
357213553
202542593
986436063
162089729
613083009
18437337
746967863
57615137
508876545
174809712
53224999
947353081
260538652
34858927
94388254
304846389
423914723
96600861
386929281
726611753
409395497
371455353
328102383
222999939
571025925
2566708
949928725
914309172
841208905
557583361
222645827
120963502
475773523
210165065
869925308
867620754
744729389
864510084
650566209
709013965
900514859
894691401
402879985
61620825
2374996
742443057
74737409
859876902
873746243
352695401
651956381
371837505
589174184
137599229
219156213
676459719
218253603
159600833
189974077
69763537
753004737
693728345
417070981
823857133
183673644
665431133
967451393
643443462
899718397
866800937
25959875
266109953
155465383
357776953
986486885
828383654
533035199
255455585
36344743
692504154
609157601
495903543
527961369
836324577
771188409
294218141
866431719
414009729
93621439
768675871
682389409
270413543
533199233
87868769
953599153
33942753
564649985
896976945
390160759
391762557
259115605
813481475
67683033
706429233
776951057
94814091
182712321
139508257
856395067
82819511
439857153
204734357
679893209
698849025
600183749
751887039
809343825
62277701
123152449
440676901
164798451
631185025
46234261
326504647
360518037
438719613
507862577
464877937
575334247
450596967
743237263
390092329
177392891
908910477
532920161
188680039
805389981
940289633
926695909
276717553
666855945
973065733
73204046
728034111
420804685
215921257
14546777
214441476
272535161
171767119
652308851
399782526
170580835
788604053
336382609
874015853
961583713
436666944
990010529
18579357
23088381
168412913
620781541
614519617
782483256
201573105
841431017
636762545
22527489
661133825
52809033
924373967
482354921
965045297
6890145
77065649
463799221
333653752
888361313
65387157
790069309
985504733
772653195
829156545
594921697
778816497
910064503
971070193
48663041
123320633
157246721
690795813
50640873
743204753
284512551
979969551
24537249
382283665
856118075
64226625
908387049
733346177
748929441
107068609
484721153
278727393
408530221
750657093
471169953
125797633
611259901
982748365
512429761
127610159
317653509
137122113
788102625
651869875
59717804
628697186
250080893
104568435
239564533
283752707
984965281
943722017
810934673
635879248
373277137
707647521
323907745
833899685
283245353
747327889
192890556
671318763
950028467
439354641
438760705
743928581
866499233
77426497
925709262
391087841
53435681
642494081
709080510
315104377
210102983
947810369
839362307
825672577
984898851
115119185
746758777
787194157
232262385
242725505
815967745
64953
594210777
8408177
544195540
806954943
105016913
952839681
942252965
82466561
910339657
166129111
93795274
865020977
259231187
70500985
519581441
876719956
958054961
976369513
185753020
963650655
640526209
453046977
510258841
201695680
148352088
83298497
258761569
794715469
244782465
718527873
819161427
781266361
441953198
302319491
153559491
397452893
51224641
911411770
823181461
507048969
335170077
116626931
30698437
318414081
655870313
152944425
86814475
274416969
737878049
680743719
227473061
251900529
523328001
909310997
230382538
904551777
716836161
57220785
618691252
791623909
485450679
343274481
529329629
523158385
451642825
172102490
776531137
158922387
445066881
771127281
308417345
591493423
451280004
307063943
96970721
544762141
282115017
319275777
690063285
598305193
993550139
656535897
650759105
881661691
304869249
616605313
803442221
258785841
463741777
84250569
978308677
361396911
150433019
165514059
517114713
923388213
123094933
443042547
536347153
254687169
430041701
551481697
171873601
18909227
931785305
570798369
502214375
591217861
63259117
21028669
893913247
82777817
594243657
398681983
105316033
570547201
76415755
433903154
112709191
301503041
13561381
980568214
938735819
367015585
295885729
15787105
159225197
820886793
193305
222524777
155863765
604195969
771988943
120182382
278038964
91198463
233297499
662800993
848410825
306300377
497902441
252886977
835575169
388149377
831464249
920772679
868584413
635976298
51350125
300291553
60958809
228790767
537084417
267489217
16615913
860781115
387981937
508477164
716536917
690051223
15252383
415227861
694015383
49146921
93256129
493499633
457589311
787371643
699368407
94514217
879091350
309802881
33212241
524301619
199510529
210621297
287952141
19301335
492127377
146564753
210274474
545758842
338189057
528983921
573413857
120880801
23133640
212817437
335460457
63508481
571521217
368133680
891946267
918193727
994361465
250342473
877496993
601783489
874438818
357570273
230423617
32550809
524583269
217828137
987403089
630555629
978173693
859306393
360682969
130099389
140953601
594783061
290087449
182246573
33143123
613964705
447445649
604232245
181180377
454378175
700533377
793223046
59647383
144982145
352251605
414772865
683033805
947940197
69330945
502511617
388357367
612772521
972524325
458704805
17811521
279495197
486759235
517208521
202847695
838742685
129719373
805245433
649938420
67858913
986123985
524192685
356104794
452986539
725018137
540894383
996867729
581471145
719392295
373787698
274389929
118565407
292282497
818954849
60798465
17106135
105973628
36962573
318885437
335102761
523258481
686050620
950591745
40314613
424168661
27734039
688494961
262128257
500267032
685771993
202454529
148329645
233906585
490723777
599189357
565150785
270335533
109447285
672179959
342514689
823367457
999831361
929611721
124591109
293812742
186175461
42932725
768738305
909614161
403741245
222276385
886761540
117057601
654295189
40063521
400871713
485929933
195804689
852506385
481264388
126740897
250003537
169550533
27516319
781328199
651660372
626960353
535293243
843417057
361630629
558071895
90954843
976122285
229761121
942838493
236819245
95417238
805846485
231100289
341098411
343257391
297186593
689568085
294858647
378839764
176420513
742986469
912894817
418186113
1000000000
1
1231212
1000000000
213132412
