233
278 1
437 23
958 27
92 30
885 17
968 24
193 21
988 24
55 2
9 9
410 8
452 7
598 12
29 22
400 10
832 15
300 21
240 26
596 4
460 30
29 30
623 10
101 20
957 16
912 27
525 10
416 17
223 22
947 14
72 23
694 8
991 16
641 26
589 21
979 23
642 7
109 12
465 6
46 12
571 8
826 16
955 16
318 14
930 2
979 13
6 20
512 7
198 7
794 13
35 22
712 28
203 24
84 22
390 5
812 8
585 13
747 23
232 7
509 12
874 22
676 19
830 13
119 9
329 27
476 3
25 2
457 17
824 4
108 4
882 10
257 4
792 2
938 28
161 7
542 13
130 6
711 30
24 14
874 13
534 13
309 9
186 12
624 27
191 10
161 6
163 20
895 3
963 28
218 8
752 21
417 18
191 28
952 16
424 16
671 16
389 26
630 1
905 16
844 16
97 5
361 9
801 26
552 29
145 11
409 5
664 23
57 25
664 12
447 18
695 13
69 23
441 27
437 7
75 29
817 16
422 30
256 23
826 17
966 19
698 17
143 4
813 13
40 12
648 30
587 22
595 27
677 8
36 30
656 16
941 21
819 3
591 29
716 16
464 16
97 29
202 16
886 29
626 26
367 2
943 30
572 5
324 16
756 14
638 30
301 14
769 20
914 16
356 7
362 20
946 9
232 12
138 23
302 15
499 20
198 14
981 19
901 26
966 29
936 9
538 20
825 30
197 24
407 5
876 6
701 19
273 19
60 23
896 14
982 27
995 17
110 2
270 7
8 27
269 30
169 30
239 19
184 15
349 21
555 23
656 5
292 16
482 24
731 22
691 16
518 13
253 11
214 23
611 6
127 27
32 18
592 7
722 29
979 22
516 3
13 15
178 23
448 30
627 9
346 24
461 19
104 28
487 23
982 17
557 16
163 14
678 25
948 8
427 10
626 6
44 1
355 27
776 11
601 13
56 22
687 18
572 28
269 11
655 6
163 23
9 13
32 26
340 23
1000 30
225 17
247 1
630 18
958 23
302 25
509 18
434 29
59 12
929 18
951 18
